100 111.265
100 110.895
100 110.563
100 113.690
100 109.441
100 111.605
100 117.364
10 14.248
10 14.383
10 13.315
10 12.011
10 12.063
10 12.596
10 14.329
20 28.918
20 29.374
20 23.006
20 25.208
20 24.885
20 25.668
20 24.239
30 38.370
30 40.587
30 33.650
30 33.653
30 33.894
30 33.918
30 33.713
40 44.594
40 44.683
40 44.757
40 44.790
40 44.511
40 45.129
40 44.388
50 55.285
50 55.995
50 55.280
50 55.433
50 55.163
50 55.418
50 61.311
60 66.571
60 66.428
60 66.489
60 70.572
60 71.327
60 69.908
60 70.643
