100 117.254
100 114.604
100 113.432
100 115.882
100 112.828
100 115.100
100 126.012
10 16.868
10 18.739
10 18.426
10 16.667
10 16.315
10 16.241
10 18.450
20 33.749
20 31.239
20 28.591
20 28.809
20 31.224
20 26.438
20 28.494
30 45.451
30 47.540
30 38.480
30 40.641
30 39.592
30 36.845
30 39.971
40 48.893
40 48.429
40 49.148
40 48.926
40 49.359
40 49.296
40 49.171
50 59.836
50 59.116
50 59.277
50 59.925
50 63.076
50 60.265
50 59.493
60 73.643
60 69.298
60 69.705
60 73.724
60 69.484
60 77.642
60 73.508
