100 152.855
100 124.348
100 133.734
100 120.120
100 133.353
100 154.345
100 150.958
10 16.828
10 18.473
10 24.064
10 17.457
10 15.626
10 18.344
10 17.171
20 25.557
20 25.296
20 30.048
20 26.314
20 29.800
20 22.296
20 30.760
30 45.785
30 39.412
30 40.843
30 39.762
30 50.514
30 46.395
30 45.691
40 52.431
40 54.967
40 58.070
40 66.472
40 48.785
40 55.186
40 42.232
50 78.925
50 70.521
50 59.077
50 78.539
50 76.078
50 73.406
50 70.804
60 57.024
60 102.797
60 76.227
60 83.572
60 89.414
60 81.806
60 78.515
