100 112.484
100 112.757
100 113.033
100 112.324
100 113.014
100 114.729
100 112.892
10 12.595
10 12.513
10 12.383
10 12.345
10 12.417
10 12.495
10 12.596
20 24.404
20 23.578
20 23.609
20 24.018
20 23.954
20 71.721
20 23.576
30 34.364
30 35.099
30 34.730
30 34.769
30 34.695
30 34.982
30 34.892
40 45.857
40 45.819
40 46.102
40 45.960
40 45.943
40 46.096
40 46.129
50 107.200
50 57.442
50 57.187
50 57.132
50 57.599
50 57.180
50 57.078
60 68.490
60 68.000
60 68.390
60 74.195
60 68.336
60 68.426
60 68.254
