100 156.439
100 178.955
100 239.659
100 166.606
100 172.047
100 185.614
100 180.708
10 12.228
10 12.727
10 14.365
10 13.352
10 13.503
10 13.197
10 13.411
20 55.954
20 24.646
20 48.816
20 59.693
20 65.522
20 82.401
20 88.172
30 106.507
30 102.118
30 87.869
30 114.380
30 138.021
30 123.928
30 99.073
40 144.657
40 114.188
40 86.513
40 133.846
40 48.445
40 40.346
40 115.371
50 128.010
50 100.364
50 79.373
50 72.064
50 128.777
50 180.214
50 160.442
60 117.734
60 115.942
60 223.016
60 131.169
60 91.295
60 132.449
60 139.147
