100 173.808
100 207.012
100 263.740
100 220.179
100 162.317
100 172.647
100 148.995
10 17.985
10 21.448
10 21.556
10 28.482
10 28.483
10 29.085
10 35.699
20 45.607
20 59.390
20 80.699
20 67.779
20 88.387
20 98.254
20 71.867
30 137.714
30 112.339
30 99.834
30 139.384
30 104.430
30 132.221
30 107.763
40 205.649
40 155.022
40 184.925
40 136.560
40 218.765
40 121.107
40 168.085
50 110.856
50 134.322
50 120.913
50 146.573
50 106.309
50 181.155
50 122.054
60 150.959
60 169.678
60 167.626
60 184.944
60 133.387
60 183.423
60 134.514
