10 14.250
10 15.938
10 15.202
10 15.597
10 14.859
10 16.333
10 16.186
20 29.402
20 31.255
20 30.073
20 31.439
20 31.106
20 30.831
20 23.892
30 26.841
30 27.026
30 27.247
30 27.317
30 27.033
30 26.758
30 27.035
40 35.547
40 35.766
40 35.185
40 39.316
40 35.015
40 35.057
40 35.007
50 43.600
50 43.573
50 43.624
50 43.676
50 44.293
50 45.667
50 44.372
60 53.018
60 52.290
60 52.101
60 52.789
60 53.176
60 52.804
60 52.774
100 141.976
100 156.114
100 158.289
100 142.176
100 138.111
100 149.041
100 154.892
