100 154.724
100 160.459
100 152.236
100 152.028
100 152.460
100 132.157
100 146.595
10 14.106
10 14.026
10 15.467
10 15.357
10 14.163
10 14.018
10 13.968
20 26.677
20 26.852
20 27.060
20 26.551
20 27.210
20 26.742
20 26.520
30 41.063
30 42.400
30 39.382
30 39.452
30 39.192
30 39.378
30 39.401
40 51.952
40 51.988
40 51.979
40 52.002
40 53.844
40 51.764
40 53.278
50 64.688
50 67.196
50 64.583
50 64.605
50 66.560
50 70.154
50 67.784
60 87.213
60 79.690
60 77.125
60 77.305
60 77.327
60 77.779
60 76.989
