100 430.456
100 341.463
100 384.044
100 402.164
100 329.509
100 389.762
100 310.367
10 34.365
10 62.015
10 32.212
10 47.740
10 50.770
10 82.848
10 52.560
20 91.039
20 82.145
20 106.092
20 123.793
20 79.630
20 84.056
20 125.670
30 168.566
30 142.838
30 142.781
30 198.129
30 113.382
30 144.049
30 118.327
40 195.311
40 198.259
40 191.041
40 180.547
40 139.108
40 136.951
40 164.256
50 271.919
50 204.907
50 189.802
50 179.743
50 204.875
50 227.673
50 237.307
60 329.929
60 330.763
60 293.933
60 374.915
60 322.841
60 354.856
60 349.758
