100 159.303
100 153.822
100 139.545
100 142.621
100 143.349
100 140.729
100 145.417
10 19.234
10 19.940
10 17.886
10 28.179
10 20.496
10 33.714
10 27.426
20 30.850
20 34.390
20 26.400
20 29.157
20 31.902
20 26.008
20 34.150
30 49.871
30 43.338
30 56.875
30 40.042
30 50.180
30 41.886
30 50.497
40 59.461
40 62.331
40 56.994
40 58.217
40 57.241
40 60.214
40 61.874
50 70.215
50 72.047
50 81.746
50 69.739
50 75.762
50 83.043
50 65.246
60 80.100
60 99.727
60 96.729
60 76.692
60 105.728
60 61.575
60 83.736
