50 69.038
100 134.139
100 135.161
100 136.349
100 136.427
100 134.257
100 133.292
100 131.718
10 19.648
10 19.642
10 19.234
10 21.841
10 20.621
10 17.957
10 18.834
20 44.378
20 30.328
20 29.811
20 34.013
20 30.767
20 32.052
20 30.161
30 43.283
30 43.352
30 43.469
30 43.143
30 43.353
30 45.196
30 45.372
40 56.064
40 57.166
40 55.408
40 56.663
40 56.421
40 62.591
40 59.834
50 90.943
50 102.267
50 84.100
50 70.323
50 71.611
50 68.986
50 70.917
60 84.359
60 88.257
60 93.351
60 81.842
60 81.882
60 84.458
60 80.569
