100 144.242
100 129.196
100 127.920
100 132.795
100 128.196
100 128.665
100 130.738
10 14.617
10 14.081
10 14.003
10 15.825
10 14.075
10 14.613
10 14.067
20 26.758
20 26.765
20 26.674
20 26.642
20 26.832
20 26.907
20 28.125
30 39.341
30 39.179
30 39.328
30 39.385
30 39.234
30 39.146
30 39.213
40 52.003
40 51.973
40 52.128
40 51.979
40 51.928
40 52.182
40 51.960
50 64.687
50 64.674
50 64.908
50 64.627
50 66.249
50 64.713
50 64.836
60 77.251
60 77.444
60 79.389
60 77.447
60 77.078
60 77.414
60 77.209
