100 495.630
100 515.535
100 638.623
100 527.503
100 519.087
100 576.920
100 680.925
10 60.399
10 60.655
10 57.098
10 61.200
10 88.623
10 84.631
10 90.330
20 137.741
20 196.533
20 206.594
20 160.562
20 180.992
20 192.814
20 184.876
30 246.988
30 227.645
30 289.632
30 297.246
30 294.759
30 283.308
30 279.011
40 276.787
40 316.552
40 274.432
40 315.792
40 277.783
40 222.935
40 213.881
50 302.495
50 356.665
50 321.778
50 288.601
50 365.173
50 327.331
50 321.207
60 412.678
60 400.847
60 419.697
60 326.453
60 449.989
60 493.255
60 461.178
