100 441.915
100 479.969
100 547.393
100 540.481
100 537.570
100 698.710
100 673.114
10 49.945
10 62.132
10 68.021
10 113.788
10 89.641
10 62.805
10 81.146
20 126.956
20 157.024
20 194.712
20 146.808
20 159.466
20 159.119
20 174.554
30 314.098
30 296.217
30 328.914
30 290.732
30 278.051
30 280.844
30 234.687
40 343.771
40 306.423
40 299.389
40 292.306
40 309.415
40 254.586
40 276.970
50 364.014
50 340.870
50 308.528
50 279.743
50 359.627
50 363.406
50 388.414
60 401.058
60 504.343
60 430.711
60 403.728
60 478.706
60 500.235
60 548.829
