100 132.899
100 133.344
100 144.499
100 137.529
100 95.113
100 90.043
100 88.921
10 23.781
10 25.563
10 25.140
10 27.048
10 27.186
10 32.516
10 25.296
20 33.383
20 33.045
20 34.221
20 32.195
20 36.725
20 33.970
20 32.307
30 38.549
30 40.620
30 36.053
30 45.951
30 30.181
30 32.712
30 35.836
40 43.140
40 51.322
40 38.660
40 73.425
40 39.841
40 47.103
40 48.854
50 51.213
50 46.666
50 60.236
50 46.811
50 50.180
50 51.745
50 45.924
60 54.601
60 54.301
60 62.524
60 54.635
60 54.542
60 56.359
60 73.703
