100 680.516
100 673.876
100 745.339
100 836.773
100 798.383
100 732.314
100 840.846
10 69.993
10 73.133
10 65.725
10 108.498
10 65.674
10 74.446
10 72.469
20 127.137
20 160.644
20 131.053
20 141.395
20 121.179
20 142.608
20 151.186
30 235.976
30 199.068
30 229.502
30 224.909
30 212.318
30 217.845
30 261.879
40 340.332
40 296.762
40 319.234
40 332.050
40 322.861
40 348.273
40 331.412
50 412.863
50 384.567
50 411.379
50 383.994
50 430.441
50 377.415
50 392.588
60 469.159
60 406.954
60 411.478
60 428.817
60 439.690
60 432.303
60 470.786
