100 645.547
100 632.516
100 661.127
100 736.833
100 809.328
100 622.258
100 793.742
10 64.665
10 75.261
10 93.765
10 63.607
10 69.706
10 75.263
10 61.503
20 146.262
20 153.031
20 142.878
20 123.950
20 118.237
20 148.089
20 120.265
30 168.260
30 265.737
30 232.110
30 259.560
30 193.334
30 190.196
30 214.462
40 289.081
40 307.941
40 346.941
40 297.870
40 381.039
40 379.933
40 322.839
50 408.607
50 389.905
50 421.833
50 389.343
50 410.909
50 400.772
50 383.870
60 477.183
60 418.822
60 415.323
60 434.909
60 491.904
60 418.610
60 408.301
