60 351.627
60 332.281
60 328.017
60 341.528
60 426.872
60 419.946
60 410.028
100 753.429
100 736.941
100 770.921
100 643.529
100 839.703
100 732.294
100 786.945
10 58.208
10 39.808
10 62.330
10 58.761
10 57.656
10 57.859
10 72.439
20 109.639
20 135.618
20 135.652
20 139.257
20 118.142
20 109.196
20 122.174
30 165.427
30 234.138
30 207.914
30 207.260
30 188.137
30 167.814
30 197.725
40 248.600
40 260.264
40 186.722
40 227.718
40 217.660
40 258.327
40 234.931
50 274.391
50 249.931
50 313.925
50 318.901
50 336.980
50 328.816
50 313.184
