100 135.651
10 15.533
20 34.063
30 47.918
40 55.278
50 71.189
60 93.121
100 96.862
100 156.601
100 124.335
100 147.023
100 151.806
100 152.618
10 21.600
10 21.037
10 14.413
10 21.219
10 21.088
10 21.817
20 28.992
20 29.850
20 32.363
20 38.370
20 36.159
20 32.237
30 43.921
30 48.387
30 50.536
30 51.021
30 49.623
30 47.001
40 60.412
40 63.487
40 42.896
40 63.370
40 63.441
40 46.070
50 77.422
50 67.614
50 69.846
50 79.737
50 82.116
50 78.471
60 70.721
60 66.267
60 86.534
60 79.006
60 101.384
60 78.975
