100 327.274
100 377.251
100 288.218
100 322.217
100 388.723
100 295.799
100 364.058
10 28.005
10 34.136
10 32.545
10 39.132
10 37.563
10 48.314
10 56.349
20 70.598
20 81.599
20 101.064
20 62.887
20 88.660
20 149.104
20 77.813
30 163.737
30 142.077
30 120.926
30 141.194
30 139.266
30 121.579
30 125.940
40 179.777
40 173.991
40 212.521
40 186.429
40 167.323
40 157.745
40 182.638
50 153.121
50 155.777
50 222.652
50 215.455
50 220.273
50 168.957
50 165.310
60 259.372
60 356.554
60 353.684
60 367.477
60 387.947
60 342.060
60 352.050
