100 115.697
100 117.273
100 115.792
100 116.258
100 124.773
100 116.103
100 116.352
10 16.944
10 16.914
10 17.120
10 16.965
10 15.303
10 16.160
10 16.597
20 27.857
20 26.038
20 26.537
20 26.231
20 27.245
20 28.005
20 29.751
30 38.538
30 39.212
30 39.316
30 41.343
30 40.251
30 40.346
30 39.316
40 51.512
40 51.122
40 52.328
40 54.243
40 50.364
40 54.829
40 52.951
50 61.441
50 62.822
50 74.020
50 71.064
50 64.025
50 71.420
50 66.344
60 99.479
60 72.441
60 72.236
60 70.616
60 72.828
60 74.100
60 75.366
