100 114.405
100 114.409
100 114.014
100 114.459
100 114.449
100 116.401
100 114.232
10 12.528
10 16.417
10 12.626
10 12.514
10 12.572
10 12.600
10 12.699
20 24.021
20 23.805
20 24.043
20 24.003
20 23.770
20 23.937
20 23.806
30 34.979
30 50.875
30 35.081
30 35.314
30 35.200
30 35.143
30 35.195
40 46.612
40 46.577
40 46.625
40 46.199
40 46.270
40 125.876
40 46.258
50 57.411
50 57.265
50 57.627
50 57.646
50 57.361
50 57.405
50 57.476
60 70.392
60 68.641
60 68.807
60 68.767
60 68.850
60 68.787
60 68.901
