100 117.069
100 215.791
100 142.173
100 115.723
100 114.915
100 119.084
100 115.663
10 13.221
10 13.200
10 12.759
10 13.516
10 13.830
10 14.518
10 15.017
20 24.595
20 25.147
20 24.291
20 41.034
20 41.077
20 26.145
20 36.722
30 48.913
30 49.097
30 35.833
30 49.715
30 47.940
30 47.777
30 54.081
40 105.122
40 111.337
40 58.908
40 106.691
40 52.720
40 47.070
40 46.491
50 61.779
50 61.626
50 66.833
50 77.329
50 58.502
50 79.872
50 62.385
60 109.388
60 40.601
60 69.102
60 82.959
60 74.337
60 69.978
60 79.474
