100 1126.673
100 1118.795
100 1140.768
100 1272.486
100 1277.052
100 1336.468
100 1372.699
10 153.348
10 145.452
10 119.717
10 130.486
10 89.627
10 132.941
10 110.434
20 253.361
20 219.393
20 247.586
20 191.819
20 201.443
20 209.296
20 199.280
30 305.770
30 262.245
30 239.530
30 271.644
30 279.852
30 284.848
30 287.083
40 368.926
40 322.872
40 310.329
40 315.508
40 333.030
40 381.303
40 306.326
50 406.899
50 415.560
50 437.897
50 394.062
50 453.247
50 416.593
50 478.317
60 602.645
60 631.862
60 654.096
60 642.175
60 631.391
60 612.938
60 540.232
