100 1063.022
100 1022.766
100 1067.933
100 1225.848
100 1248.367
100 1211.991
100 1417.467
10 120.048
10 109.674
10 101.925
10 140.870
10 121.911
10 97.031
10 107.688
20 205.774
20 227.813
20 195.423
20 177.685
20 153.885
20 181.376
20 222.552
30 257.821
30 269.851
30 269.371
30 232.200
30 222.378
30 261.810
30 206.385
40 319.134
40 355.121
40 327.422
40 331.226
40 293.034
40 310.523
40 335.689
50 408.445
50 453.849
50 354.259
50 433.782
50 379.822
50 490.927
50 470.407
60 546.478
60 602.961
60 564.745
60 567.023
60 587.880
60 551.726
60 566.500
