100 535.555
100 335.028
100 288.631
100 272.515
100 223.162
100 306.216
100 325.144
10 48.695
10 25.133
10 48.962
10 28.919
10 46.852
10 23.114
10 23.238
20 81.330
20 56.250
20 77.630
20 59.033
20 67.136
20 69.414
20 77.003
30 110.699
30 81.197
30 113.434
30 122.070
30 134.380
30 155.265
30 113.721
40 191.917
40 169.431
40 139.858
40 154.195
40 199.459
40 216.130
40 158.677
50 190.351
50 190.823
50 241.529
50 212.488
50 199.930
50 206.276
50 181.687
60 254.542
60 270.842
60 225.464
60 291.356
60 243.039
60 199.980
60 324.726
