100 527.120
100 388.146
100 360.868
100 320.771
100 305.297
100 359.326
100 244.815
10 23.248
10 26.583
10 27.375
10 24.932
10 11.923
10 35.111
10 30.951
20 53.444
20 66.927
20 94.127
20 31.615
20 61.142
20 57.864
20 71.624
30 84.217
30 48.986
30 137.931
30 130.391
30 135.006
30 102.909
30 118.888
40 132.868
40 194.410
40 221.352
40 211.777
40 180.612
40 158.481
40 187.169
50 256.450
50 193.807
50 174.040
50 229.146
50 202.839
50 173.080
50 233.990
60 233.131
60 182.418
60 239.971
60 202.316
60 243.363
60 198.680
60 351.259
